wavemult2

A =

    64   128   128   128   128   128   128   128
   128    64   128   128   128   128   128   128
   128   128    64   128   128   128   128   128
   128   128   128    64   128   128   128   128
   128   128   128   128    64   128   128   128
   128   128   128   128   128    64   128   128
   128   128   128   128   128   128    64   128
   128   128   128   128   128   128   128    64


CA =

  192.0000  256.0000  256.0000  256.0000
  256.0000  192.0000  256.0000  256.0000
  256.0000  256.0000  192.0000  256.0000
  256.0000  256.0000  256.0000  192.0000


CH =

   1.0e-13 *

   -0.0394    0.1092    0.1092    0.1092
    0.1092   -0.0394    0.1092    0.1092
    0.1092    0.1092   -0.0394    0.1092
    0.1092    0.1092    0.1092   -0.0394


CV =

   1.0e-14 *

   -0.2730         0         0         0
         0   -0.2730         0         0
         0         0   -0.2730         0
         0         0         0   -0.2730


CD =

  -64.0000         0         0         0
         0  -64.0000         0         0
         0         0  -64.0000         0
         0         0         0  -64.0000


CA =

  448.0000  512.0000   -0.0000         0
  512.0000  448.0000         0   -0.0000
    0.0000    0.0000  -64.0000         0
    0.0000    0.0000         0  -64.0000


CH =

   1.0e-13 *

    0.0110   -0.1835    0.0000         0
   -0.1835    0.0110         0    0.0000
   -0.0000   -0.0000    0.0229         0
   -0.0000   -0.0000         0    0.0229


CV =

   1.0e-13 *

   -0.1902   -0.1664    0.0000         0
   -0.1664   -0.1902         0    0.0000
   -0.0000    0.0000    0.0229         0
    0.0000   -0.0000         0    0.0229


CD =

  -64.0000   -0.0000   -0.0000         0
   -0.0000  -64.0000         0   -0.0000
   -0.0000    0.0000  -64.0000         0
    0.0000   -0.0000         0  -64.0000


CA =

  960.0000   -0.0000   -0.0000    0.0000
    0.0000  -64.0000    0.0000    0.0000
   -0.0000    0.0000  -64.0000   -0.0000
   -0.0000    0.0000   -0.0000  -64.0000


CH =

   1.0e-13 *

    0.9642   -0.0000   -0.0000    0.0000
   -0.0000    0.0229    0.0000    0.0000
   -0.0000    0.0000    0.0316   -0.0000
   -0.0000    0.0000   -0.0000    0.0229


CV =

   1.0e-14 *

   -0.3593   -0.0000    0.0000    0.0000
    0.0000    0.2293    0.0000    0.0000
    0.0000    0.0000    0.3157   -0.0000
    0.0000    0.0000   -0.0000    0.2293


CD =

  -64.0000   -0.0000   -0.0000    0.0000
   -0.0000  -64.0000   -0.0000    0.0000
    0.0000    0.0000  -64.0000   -0.0000
    0.0000    0.0000   -0.0000  -64.0000


wwwA =

  960.0000   -0.0000   -0.0000    0.0000   -0.0000   -0.0000    0.0000    0.0000
    0.0000  -64.0000    0.0000    0.0000    0.0000    0.0000    0.0000    0.0000
   -0.0000    0.0000  -64.0000   -0.0000    0.0000    0.0000    0.0000   -0.0000
   -0.0000    0.0000   -0.0000  -64.0000    0.0000    0.0000   -0.0000    0.0000
    0.0000   -0.0000   -0.0000    0.0000  -64.0000   -0.0000   -0.0000    0.0000
   -0.0000    0.0000    0.0000    0.0000   -0.0000  -64.0000   -0.0000    0.0000
   -0.0000    0.0000    0.0000   -0.0000    0.0000    0.0000  -64.0000   -0.0000
   -0.0000    0.0000   -0.0000    0.0000    0.0000    0.0000   -0.0000  -64.0000


wwwA2 =

   1.0e+05 *

    9.2160   -0.0000   -0.0000    0.0000   -0.0000   -0.0000    0.0000    0.0000
    0.0000    0.0410   -0.0000   -0.0000   -0.0000   -0.0000    0.0000    0.0000
   -0.0000    0.0000    0.0410    0.0000    0.0000   -0.0000   -0.0000   -0.0000
   -0.0000   -0.0000    0.0000    0.0410   -0.0000    0.0000    0.0000   -0.0000
    0.0000   -0.0000   -0.0000    0.0000    0.0410    0.0000    0.0000   -0.0000
   -0.0000   -0.0000    0.0000    0.0000    0.0000    0.0410    0.0000   -0.0000
    0.0000   -0.0000   -0.0000   -0.0000   -0.0000   -0.0000    0.0410    0.0000
    0.0000    0.0000    0.0000   -0.0000   -0.0000   -0.0000    0.0000    0.0410


wwA2 =

   1.0e+05 *

    4.6285    4.5875   -0.0000   -0.0000   -0.0000   -0.0000    0.0000    0.0000
    4.5875    4.6285   -0.0000   -0.0000   -0.0000   -0.0000    0.0000    0.0000
    0.0000    0.0000    0.0410         0   -0.0000   -0.0000   -0.0000         0
    0.0000    0.0000         0    0.0410   -0.0000   -0.0000         0   -0.0000
   -0.0000   -0.0000   -0.0000    0.0000    0.0410         0    0.0000         0
   -0.0000   -0.0000    0.0000   -0.0000         0    0.0410         0    0.0000
   -0.0000    0.0000   -0.0000         0    0.0000         0    0.0410         0
    0.0000   -0.0000         0   -0.0000         0    0.0000         0    0.0410


wA2 =

   1.0e+05 *

    2.3347    2.2938    2.2938    2.2938   -0.0000   -0.0000   -0.0000   -0.0000
    2.2938    2.3347    2.2938    2.2938   -0.0000   -0.0000   -0.0000   -0.0000
    2.2938    2.2938    2.3347    2.2938   -0.0000   -0.0000   -0.0000   -0.0000
    2.2938    2.2938    2.2938    2.3347   -0.0000   -0.0000   -0.0000   -0.0000
    0.0000    0.0000    0.0000    0.0000    0.0410         0         0         0
    0.0000    0.0000    0.0000    0.0000         0    0.0410         0         0
    0.0000    0.0000    0.0000    0.0000         0         0    0.0410         0
    0.0000    0.0000    0.0000    0.0000         0         0         0    0.0410


A2 =

   1.0e+05 *

    1.1878    1.1469    1.1469    1.1469    1.1469    1.1469    1.1469    1.1469
    1.1469    1.1878    1.1469    1.1469    1.1469    1.1469    1.1469    1.1469
    1.1469    1.1469    1.1878    1.1469    1.1469    1.1469    1.1469    1.1469
    1.1469    1.1469    1.1469    1.1878    1.1469    1.1469    1.1469    1.1469
    1.1469    1.1469    1.1469    1.1469    1.1878    1.1469    1.1469    1.1469
    1.1469    1.1469    1.1469    1.1469    1.1469    1.1878    1.1469    1.1469
    1.1469    1.1469    1.1469    1.1469    1.1469    1.1469    1.1878    1.1469
    1.1469    1.1469    1.1469    1.1469    1.1469    1.1469    1.1469    1.1878


ans =

  Columns 1 through 7 

      118784      114688      114688      114688      114688      114688      114688
      114688      118784      114688      114688      114688      114688      114688
      114688      114688      118784      114688      114688      114688      114688
      114688      114688      114688      118784      114688      114688      114688
      114688      114688      114688      114688      118784      114688      114688
      114688      114688      114688      114688      114688      118784      114688
      114688      114688      114688      114688      114688      114688      118784
      114688      114688      114688      114688      114688      114688      114688

  Column 8 

      114688
      114688
      114688
      114688
      114688
      114688
      114688
      118784


ans =

   1.0911e-15

diary off
