wavemult3

B =

    64   128   128   128   128   128   128   128
   128    64   128   128   128   128   128   128
   128   128    64   128   128   128   128   128
   128   128   128    64   128   128   128   128
   128   128   128   128    64   128   128   128
   128   128   128   128   128    64   128   128
   128   128   128   128   128   128    64   128
   128   128   128   128   128   128   128    64


CA =

  192.0000  256.0000  256.0000  256.0000
  256.0000  192.0000  256.0000  256.0000
  256.0000  256.0000  192.0000  256.0000
  256.0000  256.0000  256.0000  192.0000


CH =

   1.0e-13 *

   -0.0394    0.1092    0.1092    0.1092
    0.1092   -0.0394    0.1092    0.1092
    0.1092    0.1092   -0.0394    0.1092
    0.1092    0.1092    0.1092   -0.0394


CV =

   1.0e-14 *

   -0.2730         0         0         0
         0   -0.2730         0         0
         0         0   -0.2730         0
         0         0         0   -0.2730


CD =

  -64.0000         0         0         0
         0  -64.0000         0         0
         0         0  -64.0000         0
         0         0         0  -64.0000


CA =

  448.0000  512.0000   -0.0000         0
  512.0000  448.0000         0   -0.0000
    0.0000    0.0000  -64.0000         0
    0.0000    0.0000         0  -64.0000


CH =

   1.0e-13 *

    0.0110   -0.1835    0.0000         0
   -0.1835    0.0110         0    0.0000
   -0.0000   -0.0000    0.0229         0
   -0.0000   -0.0000         0    0.0229


CV =

   1.0e-13 *

   -0.1902   -0.1664    0.0000         0
   -0.1664   -0.1902         0    0.0000
   -0.0000    0.0000    0.0229         0
    0.0000   -0.0000         0    0.0229


CD =

  -64.0000   -0.0000   -0.0000         0
   -0.0000  -64.0000         0   -0.0000
   -0.0000    0.0000  -64.0000         0
    0.0000   -0.0000         0  -64.0000


CA =

  960.0000   -0.0000   -0.0000    0.0000
    0.0000  -64.0000    0.0000    0.0000
   -0.0000    0.0000  -64.0000   -0.0000
   -0.0000    0.0000   -0.0000  -64.0000


CH =

   1.0e-13 *

    0.9642   -0.0000   -0.0000    0.0000
   -0.0000    0.0229    0.0000    0.0000
   -0.0000    0.0000    0.0316   -0.0000
   -0.0000    0.0000   -0.0000    0.0229


CV =

   1.0e-14 *

   -0.3593   -0.0000    0.0000    0.0000
    0.0000    0.2293    0.0000    0.0000
    0.0000    0.0000    0.3157   -0.0000
    0.0000    0.0000   -0.0000    0.2293


CD =

  -64.0000   -0.0000   -0.0000    0.0000
   -0.0000  -64.0000   -0.0000    0.0000
    0.0000    0.0000  -64.0000   -0.0000
    0.0000    0.0000   -0.0000  -64.0000


wwwB =

  960.0000   -0.0000   -0.0000    0.0000   -0.0000   -0.0000    0.0000    0.0000
    0.0000  -64.0000    0.0000    0.0000    0.0000    0.0000    0.0000    0.0000
   -0.0000    0.0000  -64.0000   -0.0000    0.0000    0.0000    0.0000   -0.0000
   -0.0000    0.0000   -0.0000  -64.0000    0.0000    0.0000   -0.0000    0.0000
    0.0000   -0.0000   -0.0000    0.0000  -64.0000   -0.0000   -0.0000    0.0000
   -0.0000    0.0000    0.0000    0.0000   -0.0000  -64.0000   -0.0000    0.0000
   -0.0000    0.0000    0.0000   -0.0000    0.0000    0.0000  -64.0000   -0.0000
   -0.0000    0.0000   -0.0000    0.0000    0.0000    0.0000   -0.0000  -64.0000


A =

    64   128   128   128   128   128   128   128
     0    64   128   128   128   128   128   128
     0     0    64   128   128   128   128   128
     0     0     0    64   128   128   128   128
     0     0     0     0    64   128   128   128
     0     0     0     0     0    64   128   128
     0     0     0     0     0     0    64   128
     0     0     0     0     0     0     0    64


CA =

  128.0000  256.0000  256.0000  256.0000
         0  128.0000  256.0000  256.0000
         0         0  128.0000  256.0000
         0         0         0  128.0000


CH =

   64.0000    0.0000    0.0000    0.0000
         0   64.0000    0.0000    0.0000
         0         0   64.0000    0.0000
         0         0         0   64.0000


CV =

  -64.0000         0         0         0
         0  -64.0000         0         0
         0         0  -64.0000         0
         0         0         0  -64.0000


CD =

   1.0e-14 *

   -0.2730         0         0         0
         0   -0.2730         0         0
         0         0   -0.2730         0
         0         0         0   -0.2730


CA =

  256.0000  512.0000  -64.0000         0
         0  256.0000         0  -64.0000
   64.0000    0.0000   -0.0000         0
         0   64.0000         0   -0.0000


CH =

  128.0000   -0.0000    0.0000         0
         0  128.0000         0    0.0000
    0.0000   -0.0000    0.0000         0
         0    0.0000         0    0.0000


CV =

 -128.0000   -0.0000    0.0000         0
         0 -128.0000         0    0.0000
   -0.0000    0.0000    0.0000         0
         0   -0.0000         0    0.0000


CD =

   -0.0000   -0.0000  -64.0000         0
         0   -0.0000         0  -64.0000
   64.0000    0.0000   -0.0000         0
         0   64.0000         0   -0.0000


CA =

  512.0000  -64.0000 -128.0000    0.0000
   64.0000   -0.0000   -0.0000    0.0000
  128.0000    0.0000   -0.0000  -64.0000
    0.0000    0.0000   64.0000   -0.0000


CH =

  256.0000    0.0000   -0.0000    0.0000
    0.0000   -0.0000    0.0000    0.0000
   -0.0000    0.0000   -0.0000    0.0000
   -0.0000    0.0000   -0.0000   -0.0000


CV =

 -256.0000    0.0000    0.0000    0.0000
   -0.0000   -0.0000   -0.0000    0.0000
    0.0000    0.0000   -0.0000    0.0000
    0.0000    0.0000   -0.0000   -0.0000


CD =

    0.0000  -64.0000 -128.0000    0.0000
   64.0000   -0.0000   -0.0000    0.0000
  128.0000    0.0000   -0.0000  -64.0000
    0.0000    0.0000   64.0000   -0.0000


wwwA =

  512.0000  -64.0000 -128.0000    0.0000 -256.0000    0.0000    0.0000    0.0000
   64.0000   -0.0000   -0.0000    0.0000   -0.0000   -0.0000   -0.0000    0.0000
  128.0000    0.0000   -0.0000  -64.0000    0.0000    0.0000   -0.0000    0.0000
    0.0000    0.0000   64.0000   -0.0000    0.0000    0.0000   -0.0000   -0.0000
  256.0000    0.0000   -0.0000    0.0000    0.0000  -64.0000 -128.0000    0.0000
    0.0000   -0.0000    0.0000    0.0000   64.0000   -0.0000   -0.0000    0.0000
   -0.0000    0.0000   -0.0000    0.0000  128.0000    0.0000   -0.0000  -64.0000
   -0.0000    0.0000   -0.0000   -0.0000    0.0000    0.0000   64.0000   -0.0000


wwwC2 =

   1.0e+05 *

    4.9152    0.0410    0.0819    0.0000    0.1638    0.0000   -0.0000   -0.0000
    0.6144   -0.0000   -0.0000    0.0000    0.0000    0.0000    0.0000    0.0000
    1.2288   -0.0000   -0.0000    0.0410   -0.0000   -0.0000    0.0000   -0.0000
    0.0000   -0.0000   -0.0410         0   -0.0000   -0.0000    0.0000         0
    2.4576   -0.0000   -0.0000    0.0000   -0.0000    0.0410    0.0819    0.0000
    0.0000   -0.0000   -0.0000   -0.0000   -0.0410   -0.0000   -0.0000    0.0000
    0.0000    0.0000    0.0000   -0.0000   -0.0819   -0.0000    0.0000    0.0410
    0.0000    0.0000    0.0000         0    0.0000   -0.0000   -0.0410         0


wwC2 =

   1.0e+05 *

    3.7683    3.6045    0.0410   -0.0000    0.0819   -0.0000    0.0000    0.0000
    1.3107    1.1469   -0.0000    0.0410   -0.0000    0.0819    0.0000    0.0000
    0.2867    0.3277   -0.0000   -0.0000   -0.0000   -0.0000    0.0000   -0.0000
    0.3277    0.2867    0.0000   -0.0000   -0.0000   -0.0000    0.0000    0.0000
    0.5734    0.6554   -0.0000    0.0000   -0.0000   -0.0000    0.0410         0
    0.6554    0.5734    0.0000   -0.0000   -0.0000   -0.0000         0    0.0410
    0.0000    0.0000   -0.0000    0.0000   -0.0410         0         0         0
    0.0000    0.0000         0   -0.0000         0   -0.0410         0         0


