wavemult

ans =

  Columns 1 through 7 

        4096       16384       32768       49152       65536       81920       98304
           0        4096       16384       32768       49152       65536       81920
           0           0        4096       16384       32768       49152       65536
           0           0           0        4096       16384       32768       49152
           0           0           0           0        4096       16384       32768
           0           0           0           0           0        4096       16384
           0           0           0           0           0           0        4096
           0           0           0           0           0           0           0

  Column 8 

      114688
       98304
       81920
       65536
       49152
       32768
       16384
        4096


CA =

  128.0000  256.0000  256.0000  256.0000
         0  128.0000  256.0000  256.0000
         0         0  128.0000  256.0000
         0         0         0  128.0000


CH =

   64.0000    0.0000    0.0000    0.0000
         0   64.0000    0.0000    0.0000
         0         0   64.0000    0.0000
         0         0         0   64.0000


CV =

  -64.0000         0         0         0
         0  -64.0000         0         0
         0         0  -64.0000         0
         0         0         0  -64.0000


CD =

   1.0e-14 *

   -0.2730         0         0         0
         0   -0.2730         0         0
         0         0   -0.2730         0
         0         0         0   -0.2730


CA =

  256.0000  512.0000  -64.0000         0
         0  256.0000         0  -64.0000
   64.0000    0.0000   -0.0000         0
         0   64.0000         0   -0.0000


CH =

  128.0000   -0.0000    0.0000         0
         0  128.0000         0    0.0000
    0.0000   -0.0000    0.0000         0
         0    0.0000         0    0.0000


CV =

 -128.0000   -0.0000    0.0000         0
         0 -128.0000         0    0.0000
   -0.0000    0.0000    0.0000         0
         0   -0.0000         0    0.0000


CD =

   -0.0000   -0.0000  -64.0000         0
         0   -0.0000         0  -64.0000
   64.0000    0.0000   -0.0000         0
         0   64.0000         0   -0.0000


CA =

  512.0000  -64.0000 -128.0000    0.0000
   64.0000   -0.0000   -0.0000    0.0000
  128.0000    0.0000   -0.0000  -64.0000
    0.0000    0.0000   64.0000   -0.0000


CH =

  256.0000    0.0000   -0.0000    0.0000
    0.0000   -0.0000    0.0000    0.0000
   -0.0000    0.0000   -0.0000    0.0000
   -0.0000    0.0000   -0.0000   -0.0000


CV =

 -256.0000    0.0000    0.0000    0.0000
   -0.0000   -0.0000   -0.0000    0.0000
    0.0000    0.0000   -0.0000    0.0000
    0.0000    0.0000   -0.0000   -0.0000


CD =

    0.0000  -64.0000 -128.0000    0.0000
   64.0000   -0.0000   -0.0000    0.0000
  128.0000    0.0000   -0.0000  -64.0000
    0.0000    0.0000   64.0000   -0.0000


wwwA =

  512.0000  -64.0000 -128.0000    0.0000 -256.0000    0.0000    0.0000    0.0000
   64.0000   -0.0000   -0.0000    0.0000   -0.0000   -0.0000   -0.0000    0.0000
  128.0000    0.0000   -0.0000  -64.0000    0.0000    0.0000   -0.0000    0.0000
    0.0000    0.0000   64.0000   -0.0000    0.0000    0.0000   -0.0000   -0.0000
  256.0000    0.0000   -0.0000    0.0000    0.0000  -64.0000 -128.0000    0.0000
    0.0000   -0.0000    0.0000    0.0000   64.0000   -0.0000   -0.0000    0.0000
   -0.0000    0.0000   -0.0000    0.0000  128.0000    0.0000   -0.0000  -64.0000
   -0.0000    0.0000   -0.0000   -0.0000    0.0000    0.0000   64.0000   -0.0000


wwwA2 =

   1.0e+05 *

    1.7613   -0.3277   -0.6554    0.0819   -1.3107    0.1638    0.3277   -0.0000
    0.3277   -0.0410   -0.0819    0.0000   -0.1638    0.0000    0.0000   -0.0000
    0.6554   -0.0819   -0.2048    0.0000   -0.3277    0.0000    0.0000   -0.0000
    0.0819   -0.0000   -0.0000   -0.0410   -0.0000   -0.0000    0.0000    0.0000
    1.3107   -0.1638   -0.3277    0.0000   -0.8602   -0.0000   -0.0000    0.0819
    0.1638   -0.0000   -0.0000   -0.0000    0.0000   -0.0410   -0.0819    0.0000
    0.3277    0.0000    0.0000   -0.0000    0.0000   -0.0819   -0.2048    0.0000
    0.0000    0.0000    0.0000    0.0000    0.0819   -0.0000   -0.0000   -0.0410


wwA2 =

   1.0e+05 *

    0.4506    2.6214   -0.1638   -0.3277   -0.3277   -0.6554    0.0819    0.0000
   -0.0000    0.4506    0.0000   -0.1638    0.0000   -0.3277    0.0000    0.0819
    0.1638    0.3277   -0.0410   -0.0000   -0.0819   -0.0000    0.0000         0
   -0.0000    0.1638   -0.0000   -0.0410    0.0000   -0.0819         0    0.0000
    0.3277    0.6554   -0.0819    0.0000   -0.2048         0    0.0000         0
   -0.0000    0.3277    0.0000   -0.0819         0   -0.2048         0    0.0000
    0.0819    0.0000   -0.0000    0.0000   -0.0000         0   -0.0410         0
   -0.0000    0.0819         0   -0.0000         0   -0.0000         0   -0.0410


wA2 =

   1.0e+05 *

    0.1229    0.6554    1.3107    1.9661   -0.0819   -0.1638   -0.1638   -0.1638
   -0.0000    0.1229    0.6554    1.3107    0.0000   -0.0819   -0.1638   -0.1638
   -0.0000   -0.0000    0.1229    0.6554    0.0000    0.0000   -0.0819   -0.1638
   -0.0000   -0.0000   -0.0000    0.1229    0.0000   -0.0000    0.0000   -0.0819
    0.0819    0.1638    0.1638    0.1638   -0.0410   -0.0000   -0.0000   -0.0000
    0.0000    0.0819    0.1638    0.1638   -0.0000   -0.0410   -0.0000   -0.0000
   -0.0000   -0.0000    0.0819    0.1638   -0.0000   -0.0000   -0.0410   -0.0000
    0.0000   -0.0000    0.0000    0.0819   -0.0000   -0.0000   -0.0000   -0.0410


A2 =

   1.0e+05 *

    0.0410    0.1638    0.3277    0.4915    0.6554    0.8192    0.9830    1.1469
    0.0000    0.0410    0.1638    0.3277    0.4915    0.6554    0.8192    0.9830
    0.0000   -0.0000    0.0410    0.1638    0.3277    0.4915    0.6554    0.8192
   -0.0000   -0.0000    0.0000    0.0410    0.1638    0.3277    0.4915    0.6554
   -0.0000   -0.0000   -0.0000   -0.0000    0.0410    0.1638    0.3277    0.4915
   -0.0000   -0.0000   -0.0000   -0.0000   -0.0000    0.0410    0.1638    0.3277
   -0.0000   -0.0000   -0.0000   -0.0000    0.0000   -0.0000    0.0410    0.1638
   -0.0000   -0.0000   -0.0000   -0.0000    0.0000   -0.0000   -0.0000    0.0410


ans =

  Columns 1 through 7 

        4096       16384       32768       49152       65536       81920       98304
           0        4096       16384       32768       49152       65536       81920
           0           0        4096       16384       32768       49152       65536
           0           0           0        4096       16384       32768       49152
           0           0           0           0        4096       16384       32768
           0           0           0           0           0        4096       16384
           0           0           0           0           0           0        4096
           0           0           0           0           0           0           0

  Column 8 

      114688
       98304
       81920
       65536
       49152
       32768
       16384
        4096


ans =

   1.4784e-15

diary off
